area,bedrooms,bathrooms,stories,parking,price
3500,3,2,1,1,340000
2500,2,1,1,0,250000
4000,4,3,2,2,550000
3000,3,2,1,1,310000
4500,4,3,2,2,580000
3800,3,2,2,1,450000
2200,2,1,1,1,230000
5000,5,4,2,2,700000
2800,3,2,1,1,320000
3600,3,3,2,1,460000
4100,4,3,2,2,520000
1900,2,1,1,0,200000
5200,5,4,2,3,750000
3100,3,2,2,1,390000
2600,2,2,1,1,270000
4800,4,3,2,2,600000
3300,3,2,2,1,410000
2700,2,2,1,1,290000
3900,4,3,2,2,510000
2100,2,1,1,0,220000
3500,3,2,1,2,360000
4300,4,3,2,2,560000
3200,3,2,1,1,370000
2950,3,2,1,1,340000
4500,4,3,2,2,590000
3800,3,2,2,1,440000
4000,4,3,2,2,530000
5000,5,4,3,2,720000
3100,3,2,1,1,360000
2700,2,1,1,0,250000
